| Name              | AP		| Recall@K	| B.Accuracy	| N_Pos	| N_Neg	|
-----------------------------------------------------------------------------------------------------
| amber             | 0.0134	| 0.1111	| 0.4997		| 27    | 31792 |
| aqua              | 0.0342	| 0.0930	| 0.4998		| 43    | 31776 |
| beige             | 0.0410	| 0.4810	| 0.5859		| 79    | 31740 |
| black             | 0.2064	| 0.7451	| 0.6519		| 1181  | 30638 |
| blond             | 0.0852	| 0.4786	| 0.5914		| 117   | 31702 |
| blue              | 0.3348	| 0.7840	| 0.7083		| 1190  | 30629 |
| bluish            | 0.0217	| 0.2264	| 0.5182		| 53    | 31766 |
| bright blue       | 0.0474	| 0.5227	| 0.5778		| 44    | 31775 |
| bright green      | 0.0340	| 0.2364	| 0.5179		| 55    | 31764 |
| bright red        | 0.0335	| 0.2857	| 0.5234		| 42    | 31777 |
| bright yellow     | 0.0105	| 0.2000	| 0.5197		| 25    | 31794 |
| bronze            | 0.0012	| 0.2222	| 0.4957		| 9     | 31810 |
| brown             | 0.1435	| 0.6922	| 0.5871		| 1108  | 30711 |
| burgundy          | 0.0317	| 0.3333	| 0.5622		| 24    | 31795 |
| cream colored     | 0.0111	| 0.2308	| 0.5377		| 39    | 31780 |
| dark blue         | 0.0390	| 0.4651	| 0.5394		| 86    | 31733 |
| dark brown        | 0.0248	| 0.2264	| 0.5087		| 53    | 31766 |
| dark gray         | 0.0651	| 0.2523	| 0.5402		| 111   | 31708 |
| dark green        | 0.0347	| 0.3415	| 0.5176		| 82    | 31737 |
| dark pink         | 0.1536	| 0.6667	| 0.6327		| 15    | 31804 |
| dark purple       | 0.0053	| 0.0625	| 0.5307		| 16    | 31803 |
| dark red          | 0.0266	| 0.2899	| 0.5134		| 69    | 31750 |
| fuchsia           | 0.2649	| 0.5833	| 0.5833		| 12    | 31807 |
| golden            | 0.0296	| 0.3710	| 0.5867		| 62    | 31757 |
| golden brown      | 0.0306	| 0.5652	| 0.5641		| 23    | 31796 |
| gray              | 0.1033	| 0.5907	| 0.5606		| 899   | 30920 |
| green             | 0.2949	| 0.8186	| 0.7172		| 1075  | 30744 |
| ivory             | 0.0123	| 0.1429	| 0.4998		| 14    | 31805 |
| light blue        | 0.0117	| 0.3469	| 0.4992		| 49    | 31770 |
| light brown       | 0.0280	| 0.3043	| 0.5210		| 92    | 31727 |
| light green       | 0.0650	| 0.3793	| 0.5597		| 58    | 31761 |
| light gray        | 0.0105	| 0.2500	| 0.5253		| 36    | 31783 |
| light red         | 0.0069	| 0.0588	| 0.4999		| 17    | 31802 |
| light yellow      | 0.0073	| 0.1071	| 0.4999		| 28    | 31791 |
| lime green        | 0.0184	| 0.1818	| 0.4998		| 22    | 31797 |
| maroon            | 0.0334	| 0.3714	| 0.5282		| 35    | 31784 |
| murky             | 0.1041	| 0.6800	| 0.7353		| 25    | 31794 |
| navy blue         | 0.0402	| 0.4848	| 0.5751		| 33    | 31786 |
| neon green        | 0.1839	| 0.5556	| 0.6666		| 9     | 31810 |
| off white         | 0.0013	| 0.3333	| 0.4977		| 9     | 31810 |
| olive green       | 0.0030	| 0.0000	| 0.4999		| 13    | 31806 |
| orange            | 0.2499	| 0.5932	| 0.6302		| 526   | 31293 |
| pale blue         | 0.0290	| 0.2174	| 0.5430		| 23    | 31796 |
| pale green        | 0.0606	| 0.0714	| 0.5357		| 14    | 31805 |
| pink              | 0.2145	| 0.6716	| 0.6618		| 204   | 31615 |
| purple            | 0.1406	| 0.6250	| 0.6389		| 128   | 31691 |
| red               | 0.3530	| 0.7315	| 0.6799		| 931   | 30888 |
| reddish           | 0.0008	| 0.0833	| 0.4918		| 12    | 31807 |
| rust colored      | 0.0058	| 0.2000	| 0.5239		| 20    | 31799 |
| silver            | 0.1390	| 0.5548	| 0.6162		| 283   | 31536 |
| tan               | 0.0451	| 0.4069	| 0.5363		| 231   | 31588 |
| taupe             | 0.0010	| 0.1000	| 0.4972		| 10    | 31809 |
| teal              | 0.0533	| 0.2778	| 0.5639		| 54    | 31765 |
| terracotta        | 0.0071	| 0.4762	| 0.5672		| 21    | 31798 |
| turquoise         | 0.0444	| 0.1667	| 0.5496		| 30    | 31789 |
| violet            | 0.1015	| 0.5000	| 0.6248		| 12    | 31807 |
| white             | 0.1886	| 0.7825	| 0.6497		| 1393  | 30426 |
| yellow            | 0.2584	| 0.6373	| 0.6787		| 557   | 31262 |
| black lettered    | 0.0825	| 0.4462	| 0.5685		| 65    | 31754 |
| red lettered      | 0.0649	| 0.4848	| 0.5600		| 33    | 31786 |
| white lettered    | 0.1441	| 0.5064	| 0.5570		| 156   | 31663 |
| black haired      | 0.0121	| 0.3415	| 0.5573		| 41    | 31778 |
| brown haired      | 0.0167	| 0.4857	| 0.5814		| 35    | 31784 |
| dark haired       | 0.0327	| 0.3431	| 0.5176		| 102   | 31717 |
| red haired        | 0.0031	| 0.0000	| 0.5000		| 9     | 31810 |
| white haired      | 0.0304	| 0.1639	| 0.5078		| 61    | 31758 |
| dark skinned      | 0.0609	| 0.2016	| 0.5238		| 124   | 31695 |
| light skinned     | 0.0621	| 0.6681	| 0.5425		| 238   | 31581 |
| wearing black     | 0.0381	| 0.5000	| 0.5784		| 102   | 31717 |
| wearing blue      | 0.0699	| 0.5200	| 0.6045		| 75    | 31744 |
| wearing green     | 0.1811	| 0.6222	| 0.7318		| 45    | 31774 |
| wearing gray      | 0.0655	| 0.3898	| 0.5996		| 59    | 31760 |
| wearing pink      | 0.1334	| 0.5217	| 0.5864		| 46    | 31773 |
| wearing red       | 0.1005	| 0.5513	| 0.5439		| 78    | 31741 |
| wearing white     | 0.0845	| 0.5588	| 0.5934		| 68    | 31751 |
| light colored     | 0.0207	| 0.2797	| 0.5112		| 236   | 31583 |
| dark colored      | 0.0266	| 0.2360	| 0.5141		| 161   | 31658 |
| colorless         | 0.0504	| 0.3793	| 0.5931		| 58    | 31761 |
| colorful          | 0.1060	| 0.4276	| 0.5273		| 297   | 31522 |
| monochromatic     | 0.0164	| 0.1395	| 0.5110		| 43    | 31776 |
| multicolored      | 0.0584	| 0.2014	| 0.5202		| 144   | 31675 |
| tricolored        | 0.0905	| 0.2174	| 0.5434		| 23    | 31796 |
| rainbow colored   | 0.1554	| 0.3478	| 0.5651		| 23    | 31796 |
| bright            | 0.0476	| 0.3046	| 0.5297		| 197   | 31622 |
| dark              | 0.0986	| 0.3929	| 0.5249		| 794   | 31025 |
| high              | 0.0152	| 0.1913	| 0.4995		| 115   | 31704 |
| low               | 0.0163	| 0.1875	| 0.5145		| 64    | 31755 |
| tall              | 0.1890	| 0.6077	| 0.5761		| 859   | 30960 |
| short             | 0.0681	| 0.3784	| 0.5296		| 370   | 31449 |
| long              | 0.0954	| 0.3561	| 0.5239		| 806   | 31013 |
| wide              | 0.0418	| 0.2037	| 0.5033		| 378   | 31441 |
| narrow            | 0.0177	| 0.2644	| 0.5105		| 87    | 31732 |
| slim              | 0.0069	| 0.0667	| 0.4992		| 45    | 31774 |
| thin              | 0.0454	| 0.3010	| 0.5107		| 402   | 31417 |
| chubby            | 0.0068	| 0.0385	| 0.4997		| 26    | 31793 |
| fat               | 0.0165	| 0.2143	| 0.5083		| 56    | 31763 |
| slender           | 0.0079	| 0.5000	| 0.5674		| 34    | 31785 |
| skinny            | 0.0262	| 0.2075	| 0.5227		| 106   | 31713 |
| huge              | 0.0354	| 0.2186	| 0.5127		| 215   | 31604 |
| small             | 0.0656	| 0.3905	| 0.5065		| 922   | 30897 |
| large             | 0.1059	| 0.5010	| 0.5180		| 1429  | 30390 |
| little            | 0.0301	| 0.2770	| 0.5230		| 148   | 31671 |
| tiny              | 0.0149	| 0.1739	| 0.5067		| 69    | 31750 |
| thick             | 0.0238	| 0.1903	| 0.5092		| 247   | 31572 |
| deep              | 0.0408	| 0.7297	| 0.7206		| 37    | 31782 |
| shallow           | 0.0409	| 0.4000	| 0.5656		| 30    | 31789 |
| aluminum          | 0.0041	| 0.2857	| 0.4993		| 7     | 31812 |
| asphalt           | 0.0689	| 0.7500	| 0.6882		| 52    | 31767 |
| bamboo            | 0.0018	| 0.1250	| 0.4991		| 8     | 31811 |
| brick             | 0.2545	| 0.6762	| 0.6830		| 420   | 31399 |
| cardboard         | 0.1196	| 0.6200	| 0.6772		| 50    | 31769 |
| ceramic           | 0.0769	| 0.4286	| 0.5208		| 70    | 31749 |
| chocolate         | 0.1469	| 0.4737	| 0.5916		| 38    | 31781 |
| chrome            | 0.1111	| 0.5526	| 0.5652		| 38    | 31781 |
| clay              | 0.1239	| 0.5652	| 0.6189		| 46    | 31773 |
| cloth             | 0.0145	| 0.2500	| 0.5090		| 52    | 31767 |
| cobblestone       | 0.0189	| 0.4706	| 0.6717		| 17    | 31802 |
| concrete          | 0.0984	| 0.6181	| 0.5915		| 254   | 31565 |
| denim             | 0.2196	| 0.7869	| 0.7444		| 61    | 31758 |
| dirt              | 0.0565	| 0.4667	| 0.5826		| 105   | 31714 |
| fabric            | 0.0305	| 0.3061	| 0.5100		| 49    | 31770 |
| fluffy            | 0.1034	| 0.6000	| 0.5736		| 120   | 31699 |
| foamy             | 0.0516	| 0.8519	| 0.5910		| 27    | 31792 |
| furry             | 0.1080	| 0.5982	| 0.5702		| 112   | 31707 |
| glass             | 0.1445	| 0.5168	| 0.5574		| 447   | 31372 |
| granite           | 0.0661	| 0.6207	| 0.5678		| 29    | 31790 |
| gravel            | 0.0581	| 0.6562	| 0.6697		| 32    | 31787 |
| hardwood          | 0.0888	| 0.8000	| 0.6970		| 40    | 31779 |
| iron              | 0.0390	| 0.4103	| 0.5683		| 78    | 31741 |
| khaki             | 0.1057	| 0.5652	| 0.7377		| 23    | 31796 |
| leather           | 0.1205	| 0.4776	| 0.6111		| 67    | 31752 |
| marble            | 0.0695	| 0.4667	| 0.5769		| 45    | 31774 |
| metal             | 0.1696	| 0.5803	| 0.5686		| 822   | 30997 |
| muddy             | 0.0468	| 0.1633	| 0.5504		| 49    | 31770 |
| paper             | 0.0764	| 0.5181	| 0.5472		| 83    | 31736 |
| pebbled           | 0.0097	| 0.7143	| 0.6365		| 14    | 31805 |
| plastic           | 0.0814	| 0.4481	| 0.5385		| 270   | 31549 |
| plush             | 0.0184	| 0.3636	| 0.4993		| 22    | 31797 |
| porcelain         | 0.1197	| 0.5902	| 0.5814		| 61    | 31758 |
| red brick         | 0.0693	| 0.8065	| 0.6587		| 31    | 31788 |
| rocky             | 0.0962	| 0.5233	| 0.6366		| 86    | 31733 |
| rubber            | 0.0362	| 0.6250	| 0.6444		| 24    | 31795 |
| sandy             | 0.2731	| 0.7368	| 0.7559		| 114   | 31705 |
| silk              | 0.3165	| 0.6316	| 0.7103		| 19    | 31800 |
| snowy             | 0.2950	| 0.6882	| 0.6402		| 170   | 31649 |
| stainless steel   | 0.0711	| 0.5283	| 0.5839		| 53    | 31766 |
| steel             | 0.0372	| 0.3134	| 0.5210		| 134   | 31685 |
| stone             | 0.1349	| 0.4846	| 0.5937		| 324   | 31495 |
| straw             | 0.0857	| 0.2222	| 0.5831		| 18    | 31801 |
| stucco            | 0.0192	| 0.3750	| 0.6238		| 8     | 31811 |
| styrofoam         | 0.0050	| 0.1429	| 0.5000		| 7     | 31812 |
| tiled             | 0.1367	| 0.7676	| 0.7067		| 142   | 31677 |
| wicker            | 0.1723	| 0.5435	| 0.6193		| 46    | 31773 |
| wooden            | 0.3327	| 0.7215	| 0.6701		| 905   | 30914 |
| wool              | 0.0193	| 0.3077	| 0.5380		| 13    | 31806 |
| water             | 0.0706	| 0.6129	| 0.6206		| 124   | 31695 |
| arch shaped       | 0.1507	| 0.5943	| 0.6349		| 106   | 31713 |
| arrow shaped      | 0.0340	| 0.2500	| 0.5623		| 16    | 31803 |
| bell shaped       | 0.0023	| 0.2500	| 0.4957		| 4     | 31815 |
| circular          | 0.0405	| 0.1897	| 0.5254		| 116   | 31703 |
| conical           | 0.0483	| 0.2632	| 0.5261		| 38    | 31781 |
| cubed             | 0.0007	| 0.0000	| 0.4997		| 8     | 31811 |
| curved            | 0.0369	| 0.1967	| 0.5157		| 244   | 31575 |
| curled            | 0.0589	| 0.4545	| 0.6340		| 55    | 31764 |
| curly             | 0.0689	| 0.3220	| 0.5249		| 59    | 31760 |
| cylindrical       | 0.0413	| 0.5570	| 0.6274		| 79    | 31740 |
| diamond shaped    | 0.1391	| 0.4667	| 0.5996		| 15    | 31804 |
| domed             | 0.0165	| 0.4643	| 0.6022		| 28    | 31791 |
| heart shaped      | 0.0104	| 0.1111	| 0.5552		| 9     | 31810 |
| octagonal         | 0.2724	| 0.7037	| 0.6295		| 27    | 31792 |
| oval shaped       | 0.0465	| 0.2812	| 0.5464		| 32    | 31787 |
| pointy            | 0.0796	| 0.4124	| 0.5465		| 177   | 31642 |
| rectangular       | 0.0474	| 0.3577	| 0.5085		| 274   | 31545 |
| round             | 0.1134	| 0.3550	| 0.5204		| 569   | 31250 |
| rounded           | 0.1025	| 0.4094	| 0.5247		| 596   | 31223 |
| spherical         | 0.1279	| 0.4688	| 0.5542		| 64    | 31755 |
| spiky             | 0.0330	| 0.4516	| 0.5789		| 31    | 31788 |
| spiral            | 0.0017	| 0.2857	| 0.4990		| 7     | 31812 |
| square            | 0.0337	| 0.2713	| 0.5073		| 247   | 31572 |
| straight          | 0.0172	| 0.4118	| 0.5269		| 68    | 31751 |
| triangular        | 0.0467	| 0.2377	| 0.5321		| 122   | 31697 |
| horizontal        | 0.0198	| 0.3103	| 0.5107		| 87    | 31732 |
| slanted           | 0.0372	| 0.3250	| 0.5616		| 40    | 31779 |
| tilted            | 0.0245	| 0.3000	| 0.5121		| 40    | 31779 |
| upright           | 0.0101	| 0.1569	| 0.4995		| 51    | 31768 |
| upside down       | 0.0540	| 0.2778	| 0.5274		| 36    | 31783 |
| vertical          | 0.0189	| 0.2523	| 0.5121		| 111   | 31708 |
| blue striped      | 0.0378	| 0.0556	| 0.5277		| 18    | 31801 |
| blue plaid        | 0.1543	| 0.3846	| 0.5767		| 13    | 31806 |
| checkered         | 0.0490	| 0.2333	| 0.5328		| 60    | 31759 |
| dotted            | 0.0353	| 0.3333	| 0.5412		| 24    | 31795 |
| floral            | 0.0574	| 0.3231	| 0.5302		| 65    | 31754 |
| lined             | 0.0089	| 0.1077	| 0.5069		| 65    | 31754 |
| patterned         | 0.1634	| 0.4461	| 0.5594		| 538   | 31281 |
| pinstriped        | 0.1281	| 0.6429	| 0.5713		| 14    | 31805 |
| plaid             | 0.1321	| 0.4167	| 0.6121		| 84    | 31735 |
| polka dotted      | 0.0059	| 0.0000	| 0.4999		| 17    | 31802 |
| red striped       | 0.0735	| 0.2632	| 0.5525		| 19    | 31800 |
| speckled          | 0.0607	| 0.2963	| 0.5920		| 27    | 31792 |
| spotted           | 0.0423	| 0.2429	| 0.5066		| 70    | 31749 |
| striped           | 0.1464	| 0.3819	| 0.5585		| 309   | 31510 |
| close             | 0.0130	| 0.1198	| 0.5025		| 167   | 31652 |
| far away          | 0.0117	| 0.3165	| 0.5111		| 79    | 31740 |
| angry             | 0.0027	| 0.0000	| 0.5000		| 16    | 31803 |
| calm              | 0.3166	| 0.7834	| 0.7512		| 157   | 31662 |
| frowning          | 0.0172	| 0.1250	| 0.5306		| 16    | 31803 |
| grinning          | 0.1557	| 0.4310	| 0.6115		| 58    | 31761 |
| happy             | 0.1500	| 0.6709	| 0.6394		| 234   | 31585 |
| laughing          | 0.0598	| 0.1220	| 0.5363		| 41    | 31778 |
| sad               | 0.0163	| 0.1667	| 0.4998		| 18    | 31801 |
| serious           | 0.0221	| 0.3226	| 0.5312		| 31    | 31788 |
| sleepy            | 0.0903	| 0.6429	| 0.5351		| 14    | 31805 |
| smiling           | 0.1269	| 0.6199	| 0.6282		| 171   | 31648 |
| smirking          | 0.0164	| 0.2727	| 0.5897		| 11    | 31808 |
| surprised         | 0.0326	| 0.1875	| 0.5930		| 16    | 31803 |
| unhappy           | 0.0546	| 0.5294	| 0.6754		| 17    | 31802 |
| clapping          | 0.0066	| 0.0000	| 0.5000		| 8     | 31811 |
| pointing          | 0.0275	| 0.1892	| 0.5536		| 37    | 31782 |
| throwing          | 0.2083	| 0.7000	| 0.7160		| 30    | 31789 |
| waving            | 0.0716	| 0.5000	| 0.6318		| 30    | 31789 |
| bending           | 0.0589	| 0.3605	| 0.5453		| 86    | 31733 |
| crouching         | 0.1995	| 0.6667	| 0.5827		| 78    | 31741 |
| jumping           | 0.2558	| 0.6623	| 0.6613		| 77    | 31742 |
| kneeling          | 0.0454	| 0.2581	| 0.5159		| 31    | 31788 |
| leaning           | 0.0196	| 0.1262	| 0.5092		| 103   | 31716 |
| leaning back      | 0.0522	| 0.3889	| 0.6101		| 36    | 31783 |
| leaning forward   | 0.0234	| 0.3333	| 0.5971		| 45    | 31774 |
| leaping           | 0.0912	| 0.4286	| 0.5888		| 28    | 31791 |
| lying             | 0.0866	| 0.4118	| 0.5630		| 170   | 31649 |
| running           | 0.1470	| 0.4609	| 0.5581		| 128   | 31691 |
| sitting           | 0.2448	| 0.6106	| 0.6144		| 452   | 31367 |
| squatting         | 0.1363	| 0.7000	| 0.7156		| 30    | 31789 |
| standing          | 0.1536	| 0.5581	| 0.5312		| 878   | 30941 |
| turning           | 0.0035	| 0.0690	| 0.4999		| 29    | 31790 |
| walking           | 0.2150	| 0.6587	| 0.6021		| 375   | 31444 |
| brushing teeth    | 0.2694	| 0.5455	| 0.6362		| 11    | 31808 |
| climbing          | 0.0153	| 0.2000	| 0.4998		| 10    | 31809 |
| cooking           | 0.1618	| 0.4348	| 0.6299		| 23    | 31796 |
| cutting           | 0.2470	| 0.6111	| 0.6107		| 18    | 31801 |
| drinking          | 0.1610	| 0.3529	| 0.5878		| 34    | 31785 |
| driving           | 0.1943	| 0.7000	| 0.5830		| 60    | 31759 |
| eating            | 0.2058	| 0.7526	| 0.6393		| 190   | 31629 |
| flying            | 0.2551	| 0.7236	| 0.6329		| 123   | 31696 |
| grazing           | 0.1264	| 0.7215	| 0.6126		| 79    | 31740 |
| hiding            | 0.0251	| 0.1667	| 0.5416		| 12    | 31807 |
| hiking            | 0.0659	| 0.5455	| 0.6814		| 11    | 31808 |
| hugging           | 0.0228	| 0.1000	| 0.5000		| 10    | 31809 |
| kissing           | 0.0074	| 0.1429	| 0.4998		| 7     | 31812 |
| paddling          | 0.0391	| 0.3077	| 0.5381		| 13    | 31806 |
| posing            | 0.0847	| 0.3402	| 0.5713		| 97    | 31722 |
| reading           | 0.0490	| 0.2000	| 0.5745		| 20    | 31799 |
| resting           | 0.1217	| 0.5167	| 0.6240		| 60    | 31759 |
| riding bike       | 0.3006	| 0.7692	| 0.6791		| 39    | 31780 |
| riding horse      | 0.3457	| 0.7500	| 0.6605		| 28    | 31791 |
| sleeping          | 0.2356	| 0.5000	| 0.6142		| 48    | 31771 |
| studying          | 0.0664	| 0.2727	| 0.5453		| 11    | 31808 |
| swimming          | 0.1396	| 0.4872	| 0.5638		| 39    | 31780 |
| swinging          | 0.0465	| 0.5833	| 0.6230		| 36    | 31783 |
| taking photo      | 0.0117	| 0.1818	| 0.5220		| 22    | 31797 |
| talking           | 0.0646	| 0.3529	| 0.5462		| 85    | 31734 |
| texting           | 0.0226	| 0.1250	| 0.5622		| 8     | 31811 |
| typing            | 0.0668	| 0.5000	| 0.6868		| 16    | 31803 |
| using computer    | 0.1836	| 0.6500	| 0.6993		| 20    | 31799 |
| using phone       | 0.1557	| 0.5000	| 0.7136		| 28    | 31791 |
| waiting           | 0.0598	| 0.3204	| 0.5236		| 103   | 31716 |
| working           | 0.0601	| 0.6000	| 0.6775		| 25    | 31794 |
| playing baseball  | 0.3474	| 0.7222	| 0.6604		| 90    | 31729 |
| playing frisbee   | 0.2419	| 0.8333	| 0.7216		| 36    | 31783 |
| playing football  | 0.3629	| 0.6500	| 0.7248		| 20    | 31799 |
| playing tennis    | 0.3158	| 0.8657	| 0.8047		| 67    | 31752 |
| skating           | 0.0984	| 0.6410	| 0.7284		| 39    | 31780 |
| skateboarding     | 0.5152	| 0.8972	| 0.8678		| 107   | 31712 |
| skiing            | 0.4003	| 0.9027	| 0.8257		| 113   | 31706 |
| snowboarding      | 0.4012	| 0.7500	| 0.7340		| 32    | 31787 |
| surfing           | 0.4069	| 0.9239	| 0.8244		| 92    | 31727 |
| looking at camera | 0.0466	| 0.1089	| 0.5144		| 101   | 31718 |
| looking down      | 0.0291	| 0.2500	| 0.5150		| 92    | 31727 |
| looking up        | 0.0951	| 0.2750	| 0.5622		| 40    | 31779 |
| backwards         | 0.0148	| 0.1136	| 0.4998		| 88    | 31731 |
| clear             | 0.2375	| 0.6103	| 0.6229		| 621   | 31198 |
| cloudless         | 0.1192	| 0.8958	| 0.8911		| 48    | 31771 |
| cloudy            | 0.2330	| 0.9021	| 0.7886		| 235   | 31584 |
| foggy             | 0.0737	| 0.5283	| 0.6018		| 53    | 31766 |
| hazy              | 0.0606	| 0.7059	| 0.6438		| 68    | 31751 |
| overcast          | 0.0830	| 0.7797	| 0.7818		| 59    | 31760 |
| partly cloudy     | 0.0755	| 0.7895	| 0.6562		| 38    | 31781 |
| in rain           | 0.1707	| 0.5636	| 0.5995		| 55    | 31764 |
| stormy            | 0.1074	| 0.9655	| 0.7734		| 29    | 31790 |
| sunny             | 0.0142	| 0.3529	| 0.5279		| 51    | 31768 |
| indoors           | 0.0075	| 0.2143	| 0.5224		| 42    | 31777 |
| outdoors          | 0.0093	| 0.1446	| 0.5116		| 83    | 31736 |
| in the air        | 0.0989	| 0.5102	| 0.5601		| 98    | 31721 |
| in the background | 0.0254	| 0.3600	| 0.5262		| 125   | 31694 |
| in water          | 0.0526	| 0.3810	| 0.5230		| 42    | 31777 |
| on ground         | 0.0079	| 0.4444	| 0.4995		| 18    | 31801 |
| on the wall       | 0.0828	| 0.5541	| 0.5996		| 74    | 31745 |
| adult             | 0.0343	| 0.2268	| 0.5199		| 97    | 31722 |
| aged              | 0.0220	| 0.2381	| 0.4994		| 21    | 31798 |
| elderly           | 0.0073	| 0.3158	| 0.5247		| 19    | 31800 |
| old               | 0.0532	| 0.3760	| 0.5341		| 250   | 31569 |
| young             | 0.0862	| 0.6811	| 0.6037		| 185   | 31634 |
| new               | 0.0018	| 0.0000	| 0.4998		| 17    | 31802 |
| clean             | 0.0319	| 0.2313	| 0.5077		| 294   | 31525 |
| dirty             | 0.0468	| 0.2151	| 0.5179		| 186   | 31633 |
| dusty             | 0.0338	| 0.3368	| 0.5200		| 95    | 31724 |
| stained           | 0.0264	| 0.2857	| 0.5297		| 49    | 31770 |
| soft              | 0.0195	| 0.2571	| 0.5038		| 105   | 31714 |
| hard              | 0.0255	| 0.2549	| 0.5179		| 102   | 31717 |
| heavy             | 0.0112	| 0.2308	| 0.5125		| 39    | 31780 |
| asian             | 0.0272	| 0.1607	| 0.5439		| 56    | 31763 |
| caucasian         | 0.0079	| 0.3721	| 0.5475		| 43    | 31776 |
| opaque            | 0.0139	| 0.0769	| 0.5085		| 52    | 31767 |
| transparent       | 0.0872	| 0.4394	| 0.5513		| 132   | 31687 |
| translucent       | 0.1409	| 0.2414	| 0.5859		| 29    | 31790 |
| male              | 0.0240	| 0.3265	| 0.5185		| 98    | 31721 |
| female            | 0.0199	| 0.2029	| 0.5138		| 69    | 31750 |
| jagged            | 0.0061	| 0.3043	| 0.5181		| 23    | 31796 |
| moss covered      | 0.0081	| 0.3889	| 0.5259		| 18    | 31801 |
| rough             | 0.0181	| 0.3896	| 0.5534		| 77    | 31742 |
| smooth            | 0.0200	| 0.1709	| 0.5073		| 117   | 31702 |
| textured          | 0.0141	| 0.2609	| 0.5307		| 46    | 31773 |
| wrinkled          | 0.0450	| 0.3000	| 0.5492		| 80    | 31739 |
| choppy            | 0.0906	| 0.7250	| 0.6598		| 40    | 31779 |
| closed            | 0.0648	| 0.4183	| 0.5479		| 208   | 31611 |
| cracked           | 0.0136	| 0.3000	| 0.5157		| 30    | 31789 |
| dilapidated       | 0.0605	| 0.1200	| 0.5598		| 25    | 31794 |
| dry               | 0.0551	| 0.4674	| 0.5492		| 184   | 31635 |
| empty             | 0.0840	| 0.3750	| 0.5293		| 384   | 31435 |
| folded            | 0.0242	| 0.2468	| 0.5314		| 77    | 31742 |
| full              | 0.0178	| 0.2483	| 0.5055		| 145   | 31674 |
| open              | 0.1091	| 0.3804	| 0.5330		| 673   | 31146 |
| watery            | 0.0097	| 0.1429	| 0.4995		| 21    | 31798 |
| weathered         | 0.0087	| 0.1304	| 0.5211		| 23    | 31796 |
| wet               | 0.2491	| 0.5775	| 0.6146		| 329   | 31490 |
| wearing bow tie   | 0.0708	| 0.0000	| 0.5000		| 8     | 31811 |
| wearing glasses   | 0.0769	| 0.4535	| 0.5684		| 86    | 31733 |
| wearing hat       | 0.0411	| 0.5122	| 0.5464		| 82    | 31737 |
| wearing headband  | 0.0345	| 0.2857	| 0.5709		| 14    | 31805 |
| wearing scarf     | 0.0128	| 0.1200	| 0.5192		| 25    | 31794 |
| wearing tie       | 0.2678	| 0.7750	| 0.7735		| 40    | 31779 |
| with umbrella     | 0.2758	| 0.8846	| 0.7683		| 26    | 31793 |
| wearing watch     | 0.0082	| 0.1739	| 0.5410		| 23    | 31796 |
| black framed      | 0.0308	| 0.4516	| 0.5793		| 31    | 31788 |
| gold framed       | 0.1472	| 0.6154	| 0.6920		| 13    | 31806 |
| white framed      | 0.0126	| 0.4643	| 0.5164		| 28    | 31791 |
| long haired       | 0.0535	| 0.3871	| 0.5471		| 62    | 31757 |
| short haired      | 0.0393	| 0.2500	| 0.5613		| 72    | 31747 |
| mesh              | 0.0285	| 0.2571	| 0.5564		| 35    | 31784 |
| two-story         | 0.0207	| 0.4545	| 0.4994		| 22    | 31797 |
| tucked in         | 0.0147	| 0.5294	| 0.5549		| 17    | 31802 |
| paperback         | 0.1480	| 0.6364	| 0.6133		| 22    | 31797 |
| graffitied        | 0.0759	| 0.1818	| 0.5454		| 22    | 31797 |
| knee high         | 0.0095	| 0.5000	| 0.5780		| 18    | 31801 |
| leaf covered      | 0.0322	| 0.6806	| 0.6321		| 72    | 31747 |
| cluttered         | 0.0386	| 0.4286	| 0.6127		| 35    | 31784 |
| wallpapered       | 0.0595	| 0.4286	| 0.5000		| 7     | 31812 |
| sunlit            | 0.0045	| 0.0263	| 0.4994		| 76    | 31743 |
| old fashioned     | 0.0182	| 0.1852	| 0.5365		| 27    | 31792 |
| statue            | 0.0680	| 0.2258	| 0.5160		| 31    | 31788 |
| handwritten       | 0.0101	| 0.2222	| 0.4997		| 18    | 31801 |
| still             | 0.0167	| 0.3014	| 0.5193		| 73    | 31746 |
| classical         | 0.0686	| 0.2857	| 0.5174		| 28    | 31791 |
| half              | 0.0091	| 0.3636	| 0.5212		| 22    | 31797 |
| neon              | 0.0371	| 0.2308	| 0.5575		| 26    | 31793 |
| spotless          | 0.0128	| 0.5476	| 0.5446		| 42    | 31777 |
| balancing         | 0.1131	| 0.6667	| 0.7394		| 27    | 31792 |
| leftover          | 0.0192	| 0.1000	| 0.5000		| 10    | 31809 |
| rumpled           | 0.0637	| 0.5111	| 0.5766		| 45    | 31774 |
| stuffed           | 0.3219	| 0.7500	| 0.6719		| 84    | 31735 |
| knitted           | 0.0286	| 0.3333	| 0.5661		| 15    | 31804 |
| barren            | 0.0107	| 0.4444	| 0.5789		| 18    | 31801 |
| worn              | 0.0404	| 0.1944	| 0.5130		| 72    | 31747 |
| cheesy            | 0.0602	| 0.4667	| 0.5661		| 15    | 31804 |
| gray metal        | 0.0174	| 0.1176	| 0.5291		| 34    | 31785 |
| antique           | 0.0543	| 0.3939	| 0.5753		| 33    | 31786 |
| turned off        | 0.0986	| 0.4222	| 0.5881		| 45    | 31774 |
| shredded          | 0.0410	| 0.5000	| 0.6107		| 18    | 31801 |
| lined up          | 0.0164	| 0.1852	| 0.5177		| 27    | 31792 |
| ancient           | 0.2937	| 0.5000	| 0.6110		| 18    | 31801 |
| splashing         | 0.0819	| 0.8250	| 0.6356		| 40    | 31779 |
| crocheted         | 0.0032	| 0.1000	| 0.4994		| 10    | 31809 |
| selling           | 0.1050	| 0.5385	| 0.5382		| 13    | 31806 |
| cut               | 0.1135	| 0.5366	| 0.5561		| 123   | 31696 |
| assorted          | 0.0293	| 0.5870	| 0.5624		| 46    | 31773 |
| rusty             | 0.1010	| 0.3659	| 0.5663		| 82    | 31737 |
| illuminated       | 0.0677	| 0.4071	| 0.5522		| 113   | 31706 |
| pepperoni         | 0.1378	| 0.1176	| 0.5000		| 17    | 31802 |
| funny             | 0.0394	| 0.4000	| 0.5655		| 15    | 31804 |
| messy             | 0.0307	| 0.3462	| 0.5565		| 52    | 31767 |
| lush              | 0.0267	| 0.8261	| 0.6342		| 46    | 31773 |
| silhouetted       | 0.0887	| 0.3958	| 0.5619		| 48    | 31771 |
| fancy             | 0.0057	| 0.1852	| 0.4994		| 27    | 31792 |
| shining           | 0.0383	| 0.2222	| 0.5386		| 63    | 31756 |
| stainless         | 0.0165	| 0.2609	| 0.5213		| 23    | 31796 |
| digital           | 0.0430	| 0.3469	| 0.5401		| 49    | 31770 |
| out of focus      | 0.0529	| 0.5652	| 0.6697		| 46    | 31773 |
| shiny             | 0.0499	| 0.2378	| 0.5161		| 349   | 31470 |
| glowing           | 0.0092	| 0.5500	| 0.5224		| 20    | 31799 |
| for sale          | 0.0265	| 0.3704	| 0.4996		| 27    | 31792 |
| patchy            | 0.0061	| 0.2667	| 0.4993		| 15    | 31804 |
| filled            | 0.0642	| 0.2769	| 0.5263		| 130   | 31689 |
| printed           | 0.0410	| 0.3333	| 0.5280		| 87    | 31732 |
| stacked           | 0.0693	| 0.3839	| 0.5306		| 112   | 31707 |
| potted            | 0.0694	| 0.7105	| 0.6417		| 38    | 31781 |
| blurry            | 0.0947	| 0.4016	| 0.5523		| 122   | 31697 |
| shingled          | 0.0163	| 0.5714	| 0.5696		| 7     | 31812 |
| night             | 0.2115	| 0.6667	| 0.7219		| 9     | 31810 |
| bent              | 0.0201	| 0.3500	| 0.5044		| 100   | 31719 |
| grassy            | 0.1609	| 0.6255	| 0.6052		| 259   | 31560 |
| unlit             | 0.0031	| 0.1200	| 0.4981		| 25    | 31794 |
| directional       | 0.1160	| 0.7586	| 0.6027		| 29    | 31790 |
| leafless          | 0.1367	| 0.7126	| 0.7141		| 87    | 31732 |
| sliced            | 0.1110	| 0.6486	| 0.5393		| 148   | 31671 |
| frosted           | 0.0614	| 0.3750	| 0.5620		| 32    | 31787 |
| extended          | 0.0234	| 0.2414	| 0.5218		| 87    | 31732 |
| topped            | 0.0049	| 0.1176	| 0.4995		| 17    | 31802 |
| writing           | 0.0033	| 0.0000	| 0.5000		| 8     | 31811 |
| fallen            | 0.0603	| 0.2857	| 0.5699		| 49    | 31770 |
| athletic          | 0.0212	| 0.5625	| 0.5601		| 32    | 31787 |
| floating          | 0.0586	| 0.4792	| 0.5719		| 48    | 31771 |
| reclining         | 0.0149	| 0.0417	| 0.5206		| 24    | 31795 |
| flat              | 0.0218	| 0.2167	| 0.5041		| 203   | 31616 |
| crossing legs     | 0.0550	| 0.6429	| 0.6409		| 28    | 31791 |
| crossing arms     | 0.0025	| 0.0000	| 0.4999		| 11    | 31808 |
| raising arm       | 0.0611	| 0.6000	| 0.6979		| 20    | 31799 |
| chain-link        | 0.0828	| 0.6140	| 0.6552		| 57    | 31762 |
| dressed warmly    | 0.0763	| 0.5735	| 0.5574		| 68    | 31751 |
| dressed           | 0.0825	| 0.5685	| 0.5827		| 146   | 31673 |
| camouflage        | 0.0015	| 0.0000	| 0.4986		| 11    | 31808 |
| upholstered       | 0.0772	| 0.4615	| 0.5766		| 26    | 31793 |
| modern            | 0.0090	| 0.2069	| 0.5073		| 58    | 31761 |
| dark wood         | 0.0335	| 0.1489	| 0.5212		| 47    | 31772 |
| bearded           | 0.0138	| 0.2105	| 0.4991		| 38    | 31781 |
| well dressed      | 0.0723	| 0.2453	| 0.5561		| 53    | 31766 |
| manicured         | 0.0153	| 0.4516	| 0.5778		| 31    | 31788 |
| tattooed          | 0.0095	| 0.0000	| 0.5000		| 11    | 31808 |
| rolled up         | 0.0163	| 0.1818	| 0.4999		| 22    | 31797 |
| sparkling         | 0.0359	| 0.4444	| 0.6102		| 9     | 31810 |
| reaching          | 0.0506	| 0.4348	| 0.6075		| 23    | 31796 |
| disposable        | 0.1464	| 0.4444	| 0.5828		| 36    | 31783 |
| glossy            | 0.0699	| 0.2353	| 0.5390		| 51    | 31768 |
| tied              | 0.0168	| 0.4375	| 0.5149		| 32    | 31787 |
| vintage           | 0.0745	| 1.0000	| 0.5548		| 9     | 31810 |
| multi-story       | 0.0514	| 0.8214	| 0.7139		| 56    | 31763 |
| cushioned         | 0.0950	| 0.5278	| 0.5829		| 36    | 31783 |
| flat screen       | 0.1157	| 0.7895	| 0.7097		| 19    | 31800 |
| filthy            | 0.0102	| 0.2857	| 0.4996		| 14    | 31805 |
| shirtless         | 0.0849	| 0.5532	| 0.6581		| 47    | 31772 |
| raised            | 0.0235	| 0.2222	| 0.5364		| 54    | 31765 |
| reflective        | 0.0398	| 0.2766	| 0.5260		| 94    | 31725 |
| short-sleeved     | 0.0563	| 0.7037	| 0.6178		| 54    | 31765 |
| operating         | 0.0419	| 0.2909	| 0.5624		| 55    | 31764 |
| relaxing          | 0.0323	| 0.1852	| 0.5539		| 27    | 31792 |
| enjoying          | 0.0047	| 0.3810	| 0.5173		| 21    | 31798 |
| barefoot          | 0.0333	| 0.4444	| 0.6087		| 36    | 31783 |
| gloomy            | 0.0197	| 0.8000	| 0.7461		| 10    | 31809 |
| crossed           | 0.0050	| 0.1429	| 0.4996		| 21    | 31798 |
| partially eaten   | 0.0556	| 0.3667	| 0.5329		| 30    | 31789 |
| mixed             | 0.0370	| 0.4722	| 0.5273		| 36    | 31783 |
| hanging           | 0.0857	| 0.4134	| 0.5440		| 283   | 31536 |
| carpeted          | 0.0326	| 0.5263	| 0.6036		| 19    | 31800 |
| daytime           | 0.0075	| 0.2593	| 0.5178		| 27    | 31792 |
| tree-covered      | 0.0721	| 0.6000	| 0.6490		| 20    | 31799 |
| shaded            | 0.0043	| 0.2000	| 0.4994		| 30    | 31789 |
| damaged           | 0.0469	| 0.2121	| 0.5603		| 33    | 31786 |
| powdered          | 0.0082	| 0.4348	| 0.5601		| 23    | 31796 |
| topless           | 0.0642	| 0.4348	| 0.5427		| 23    | 31796 |
| barbed wire       | 0.0037	| 0.1250	| 0.4997		| 8     | 31811 |
| shoulder length   | 0.1269	| 0.8148	| 0.7761		| 27    | 31792 |
| braided           | 0.0097	| 0.1667	| 0.5829		| 6     | 31813 |
| fried             | 0.0534	| 0.5667	| 0.5662		| 30    | 31789 |
| dressed formally  | 0.1392	| 0.4490	| 0.6115		| 49    | 31770 |
| smoking           | 0.1437	| 0.1429	| 0.5714		| 7     | 31812 |
| leafy             | 0.0667	| 0.7589	| 0.6221		| 141   | 31678 |
| outstretched      | 0.0784	| 0.5179	| 0.6310		| 56    | 31763 |
| scattered         | 0.0045	| 0.0968	| 0.4996		| 62    | 31757 |
| in a costume      | 0.0838	| 0.3846	| 0.6146		| 13    | 31806 |
| decorative        | 0.0390	| 0.3444	| 0.5484		| 90    | 31729 |
| wrapped           | 0.0111	| 0.1053	| 0.5170		| 57    | 31762 |
| parking           | 0.3393	| 0.8013	| 0.6684		| 302   | 31517 |
| batting           | 0.4013	| 0.7674	| 0.7786		| 43    | 31776 |
| loose             | 0.0222	| 0.3556	| 0.5104		| 45    | 31774 |
| cartoon           | 0.0109	| 0.0769	| 0.4998		| 13    | 31806 |
| tagged            | 0.2101	| 0.6667	| 0.6427		| 21    | 31798 |
| crowded           | 0.0410	| 0.1857	| 0.5139		| 70    | 31749 |
| flowered          | 0.0317	| 0.3214	| 0.5518		| 28    | 31791 |
| garbage           | 0.0184	| 0.2667	| 0.4998		| 15    | 31804 |
| rippled           | 0.1120	| 0.7292	| 0.7158		| 48    | 31771 |
| faded             | 0.0161	| 0.3521	| 0.4992		| 71    | 31748 |
| spreading legs    | 0.1214	| 0.5250	| 0.6239		| 40    | 31779 |
| spreading arms    | 0.2681	| 0.7500	| 0.7486		| 64    | 31755 |
| used              | 0.0355	| 0.3000	| 0.5246		| 60    | 31759 |
| raw               | 0.0380	| 0.3333	| 0.5285		| 51    | 31768 |
| boxed             | 0.2461	| 0.5833	| 0.7499		| 12    | 31807 |
| toy               | 0.1144	| 0.6667	| 0.6528		| 39    | 31780 |
| ornate            | 0.0784	| 0.5000	| 0.5964		| 46    | 31773 |
| barred            | 0.0187	| 0.2941	| 0.5422		| 34    | 31785 |
| half filled       | 0.0569	| 0.3478	| 0.6080		| 23    | 31796 |
| slippery          | 0.0274	| 0.5238	| 0.6402		| 21    | 31798 |
| shiny blue        | 0.1030	| 0.1429	| 0.5357		| 14    | 31805 |
| shaggy            | 0.0317	| 0.4444	| 0.6101		| 18    | 31801 |
| tight             | 0.0382	| 0.6222	| 0.5540		| 45    | 31774 |
| hooded            | 0.0135	| 0.1724	| 0.5335		| 29    | 31790 |
| wavy              | 0.0213	| 0.4839	| 0.5619		| 31    | 31788 |
| gloved            | 0.0429	| 0.5600	| 0.5480		| 50    | 31769 |
| shoeless          | 0.0475	| 0.4118	| 0.7034		| 17    | 31802 |
| sliding           | 0.0048	| 0.4167	| 0.5384		| 12    | 31807 |
| military          | 0.2918	| 0.5882	| 0.7350		| 17    | 31802 |
| sprinkled         | 0.1038	| 0.4167	| 0.5415		| 36    | 31783 |
| catching          | 0.0389	| 0.5652	| 0.6073		| 23    | 31796 |
| polo              | 0.0081	| 0.4000	| 0.5492		| 10    | 31809 |
| covered in sugar  | 0.0799	| 0.6471	| 0.4998		| 17    | 31802 |
| dense             | 0.0402	| 0.7719	| 0.6922		| 57    | 31762 |
| whole             | 0.0799	| 0.2785	| 0.5374		| 79    | 31740 |
| painted           | 0.0307	| 0.2952	| 0.5114		| 166   | 31653 |
| woven             | 0.0297	| 0.2051	| 0.5378		| 39    | 31780 |
| grilled           | 0.0402	| 0.8261	| 0.6287		| 23    | 31796 |
| having fun        | 0.0400	| 0.1143	| 0.5278		| 35    | 31784 |
| baked             | 0.0403	| 0.4706	| 0.5281		| 34    | 31785 |
| displayed         | 0.0294	| 0.4324	| 0.5531		| 37    | 31782 |
| sealed            | 0.0710	| 0.3171	| 0.5970		| 41    | 31778 |
| sharp             | 0.1792	| 0.4667	| 0.6128		| 75    | 31744 |
| black metal       | 0.0217	| 0.2258	| 0.5624		| 31    | 31788 |
| thatched          | 0.0189	| 0.2222	| 0.6107		| 9     | 31810 |
| littered          | 0.0181	| 0.3750	| 0.6226		| 16    | 31803 |
| sparse            | 0.0123	| 0.1923	| 0.5565		| 26    | 31793 |
| bald              | 0.0144	| 0.2586	| 0.5160		| 58    | 31761 |
| toasted           | 0.0664	| 0.7778	| 0.6282		| 27    | 31792 |
| doorless          | 0.0045	| 0.0526	| 0.4998		| 19    | 31800 |
| baby              | 0.1410	| 0.4535	| 0.6209		| 86    | 31733 |
| wild              | 0.0332	| 0.4688	| 0.5767		| 32    | 31787 |
| long-sleeved      | 0.0226	| 0.7123	| 0.5506		| 73    | 31746 |
| bare              | 0.1703	| 0.6916	| 0.6832		| 227   | 31592 |
| taking selfie     | 0.1679	| 0.2308	| 0.5766		| 13    | 31806 |
| flattened         | 0.0095	| 0.3390	| 0.5136		| 59    | 31760 |
| carried           | 0.1536	| 0.2941	| 0.5587		| 34    | 31785 |
| buttoned          | 0.0120	| 0.5263	| 0.5772		| 19    | 31800 |
| excited           | 0.0222	| 0.0741	| 0.4999		| 27    | 31792 |
| boiled            | 0.0019	| 0.1250	| 0.4987		| 8     | 31811 |
| carved            | 0.0311	| 0.1739	| 0.5211		| 46    | 31773 |
| smoky             | 0.0195	| 0.6250	| 0.6227		| 16    | 31803 |
| turbulent         | 0.0819	| 0.7200	| 0.6586		| 25    | 31794 |
| cooked            | 0.0801	| 0.7681	| 0.5565		| 69    | 31750 |
| uneaten           | 0.0562	| 0.6316	| 0.5577		| 76    | 31743 |
| busy              | 0.0588	| 0.6341	| 0.6887		| 41    | 31778 |
| frozen            | 0.0140	| 0.3846	| 0.4997		| 13    | 31806 |
| horned            | 0.0356	| 0.5263	| 0.5780		| 19    | 31800 |
| sleeveless        | 0.0579	| 0.5238	| 0.5589		| 42    | 31777 |
| peeled            | 0.0218	| 0.3750	| 0.5618		| 16    | 31803 |
| sheer             | 0.0256	| 0.6000	| 0.6483		| 10    | 31809 |
| many              | 0.0091	| 0.3103	| 0.5168		| 116   | 31703 |
| scruffy           | 0.0381	| 0.7647	| 0.6442		| 17    | 31802 |
| buried            | 0.0021	| 0.0000	| 0.4998		| 1     | 31818 |
| melted            | 0.1478	| 0.8333	| 0.7678		| 24    | 31795 |
| active            | 0.0374	| 0.1644	| 0.5061		| 73    | 31746 |
| trimmed           | 0.0110	| 0.3571	| 0.5105		| 42    | 31777 |
| broken            | 0.0152	| 0.2444	| 0.5210		| 45    | 31774 |
| wispy             | 0.0046	| 0.3913	| 0.4966		| 23    | 31796 |
| dead              | 0.0805	| 0.6667	| 0.7178		| 84    | 31735 |
| ripe              | 0.1117	| 0.7500	| 0.6231		| 84    | 31735 |
| piece             | 0.0251	| 0.3378	| 0.5058		| 74    | 31745 |
| armless           | 0.0348	| 0.2373	| 0.4996		| 59    | 31760 |
| rotten            | 0.0034	| 0.0000	| 0.4998		| 13    | 31806 |
| curtainless       | 0.0341	| 0.6379	| 0.6505		| 58    | 31761 |
| hairy             | 0.0414	| 0.3448	| 0.5508		| 58    | 31761 |
| blank             | 0.0656	| 0.7031	| 0.6607		| 64    | 31755 |
| chopped           | 0.1285	| 0.6339	| 0.5262		| 112   | 31707 |
| mounted           | 0.0198	| 0.4043	| 0.5207		| 47    | 31772 |
| hairless          | 0.0258	| 0.1818	| 0.5149		| 33    | 31786 |
| fuzzy             | 0.0537	| 0.4800	| 0.5492		| 50    | 31769 |
| falling           | 0.0022	| 0.2353	| 0.5259		| 17    | 31802 |
| paved             | 0.1047	| 0.7288	| 0.6744		| 177   | 31642 |
| electronic        | 0.0172	| 0.3750	| 0.5597		| 40    | 31779 |
| sticking out      | 0.0092	| 0.2778	| 0.5270		| 18    | 31801 |
| collared          | 0.0717	| 0.5918	| 0.5706		| 49    | 31770 |
| doubledecker      | 0.3648	| 0.6522	| 0.6304		| 23    | 31796 |
| almost empty      | 0.0650	| 0.5000	| 0.5128		| 38    | 31781 |
| glazed            | 0.1295	| 0.5000	| 0.6561		| 16    | 31803 |
| docked            | 0.1246	| 0.5294	| 0.6761		| 17    | 31802 |
| submerged         | 0.0383	| 0.0435	| 0.5000		| 23    | 31796 |
| slightly open     | 0.0010	| 0.0000	| 0.4997		| 14    | 31805 |
| stopped           | 0.0451	| 0.4429	| 0.5137		| 70    | 31749 |
| framed            | 0.2151	| 0.7368	| 0.7030		| 133   | 31686 |
| sunbathing        | 0.2439	| 0.5000	| 0.5713		| 14    | 31805 |
| plain             | 0.0118	| 0.1500	| 0.5246		| 20    | 31799 |
| christmas         | 0.1863	| 0.4000	| 0.5999		| 10    | 31809 |
| frizzy            | 0.1409	| 0.4762	| 0.5708		| 21    | 31798 |
| interior          | 0.0443	| 0.5882	| 0.5976		| 68    | 31751 |
| pinned            | 0.0150	| 0.4167	| 0.5411		| 12    | 31807 |
| concentrating     | 0.0222	| 0.3704	| 0.5256		| 54    | 31765 |
| knocked over      | 0.0148	| 0.0000	| 0.4999		| 11    | 31808 |
| burnt             | 0.1193	| 0.5000	| 0.5354		| 56    | 31763 |
| hitting           | 0.0752	| 0.7200	| 0.7383		| 25    | 31794 |
| moving            | 0.0481	| 0.2213	| 0.5055		| 244   | 31575 |
| baggy             | 0.0442	| 0.7857	| 0.5787		| 56    | 31763 |
| dried             | 0.0202	| 0.3521	| 0.5191		| 71    | 31748 |
| turned on         | 0.0913	| 0.5538	| 0.5759		| 65    | 31754 |
| piled             | 0.0671	| 0.3500	| 0.5446		| 120   | 31699 |
| puffy             | 0.0372	| 0.4667	| 0.5325		| 30    | 31789 |
| scraggly          | 0.0148	| 0.5556	| 0.5919		| 36    | 31783 |
| bushy             | 0.0346	| 0.5238	| 0.5532		| 63    | 31756 |
| staring           | 0.0237	| 0.1250	| 0.5307		| 32    | 31787 |
| holed             | 0.0624	| 0.3171	| 0.5484		| 41    | 31778 |
| muscular          | 0.0473	| 0.1053	| 0.5129		| 38    | 31781 |
| neat              | 0.0562	| 0.2000	| 0.5164		| 90    | 31729 |
| abandoned         | 0.1506	| 0.4878	| 0.5850		| 41    | 31778 |
| diagonal          | 0.0327	| 0.2353	| 0.5292		| 34    | 31785 |
| wheeled           | 0.0308	| 0.0909	| 0.5112		| 44    | 31775 |
| being used        | 0.0482	| 0.2533	| 0.5198		| 75    | 31744 |
| partially visible | 0.0053	| 0.0789	| 0.4998		| 38    | 31781 |
| nylon             | 0.0006	| 0.3333	| 0.4980		| 3     | 31816 |
| ridged            | 0.0024	| 0.0952	| 0.4981		| 21    | 31798 |
| backless          | 0.0866	| 0.2051	| 0.5127		| 39    | 31780 |
| unmade            | 0.0096	| 0.0870	| 0.4997		| 23    | 31796 |
| pulled back       | 0.0081	| 0.2105	| 0.5512		| 19    | 31800 |
| side view         | 0.0356	| 0.5263	| 0.4997		| 19    | 31800 |
| chipped           | 0.0190	| 0.2500	| 0.5492		| 20    | 31799 |
| perched           | 0.4592	| 0.8333	| 0.7498		| 12    | 31807 |
| overgrown         | 0.0375	| 0.6190	| 0.7294		| 21    | 31798 |
| numbered          | 0.0253	| 0.2121	| 0.5299		| 33    | 31786 |
